2 3 28 29 30 35 36 39 42 43 119 120 121 122 136 139 140 198 199 200 206 207 208 209 213 
16 38 40 96 97 101 103 106 107 108 109 110 111 112 114 143 145 146 147 153 155 181 190 194 195 
12 17 18 19 20 21 22 23 24 25 26 27 56 113 115 116 117 182 183 184 
6 7 11 31 32 33 46 47 48 49 50 51 52 53 54 55 57 58 59 60 90 98 100 102 104 105 
14 34 37 41 84 87 88 93 94 142 144 148 149 150 151 152 154 186 187 188 189 191 192 193 203 
4 13 71 72 74 75 77 80 81 82 83 85 86 95 156 180 185 196 197 201 202 204 205 
8 10 15 44 45 68 118 124 125 126 127 134 135 137 175 176 177 178 179 210 211 212 
0 1 5 9 61 62 63 64 65 66 67 89 99 123 128 129 130 131 132 133 
69 70 73 76 78 79 91 92 138 141 157 158 159 160 161 162 163 164 165 166 167 168 169 170 171 172 173 174 
输出当前群组情况：
cluster center is :( 21.3256,25.76)
cluster size is : 25
3 4 29 30 31 36 37 40 43 44 120 121 122 123 137 140 141 199 200 201 207 208 209 210 214 
mstlength is : 81.13
cluster center is :( 23.4612,43.68)
cluster size is : 25
17 39 41 97 98 102 104 107 108 109 110 111 112 113 115 144 146 147 148 154 156 182 191 195 196 
mstlength is : 89.49
cluster center is :( 41.249,46.424)
cluster size is : 20
13 18 19 20 21 22 23 24 25 26 27 28 57 114 116 117 118 183 184 185 
mstlength is : 71.03
cluster center is :( 42.0923,30.4554)
cluster size is : 26
7 8 12 32 33 34 47 48 49 50 51 52 53 54 55 56 58 59 60 61 91 99 101 103 105 106 
mstlength is : 77.29
cluster center is :( 6.5056,43.3216)
cluster size is : 25
15 35 38 42 85 88 89 94 95 143 145 149 150 151 152 153 155 187 188 189 190 192 193 194 204 
mstlength is : 77.61
cluster center is :( 4.54348,22.6435)
cluster size is : 23
5 14 72 73 75 76 78 81 82 83 84 86 87 96 157 181 186 197 198 202 203 205 206 
mstlength is : 71.42
cluster center is :( 30.0114,10.9964)
cluster size is : 22
9 11 16 45 46 69 119 125 126 127 128 135 136 138 176 177 178 179 180 211 212 213 
mstlength is : 77.56
cluster center is :( 45.4955,12.992)
cluster size is : 20
1 2 6 10 62 63 64 65 66 67 68 90 100 124 129 130 131 132 133 134 
mstlength is : 67.7
cluster center is :( 9.37786,7.44)
cluster size is : 28
70 71 74 77 79 80 92 93 139 142 158 159 160 161 162 163 164 165 166 167 168 169 170 171 172 173 174 175 
mstlength is : 94.01
