### s5378 ###
寄存器个数：162
群组个数：7
初始中心点：
46.05 7.36 
34.91 5.97 
33.91 46.20 
24.89 36.96 
40.28 32.48 
5.93 13.22 
11.29 28.68
分组结果：
16 17 18 19 54 55 56 57 58 59 60 61 62 63 106 107 109 110 111 112 113 121 124 
75 76 77 78 79 80 81 86 87 89 90 103 104 105 120 122 123 125 126 127 
24 25 28 41 65 67 68 72 74 98 99 100 134 135 136 137 138 139 140 141 159 160 161 
0 1 2 3 4 5 6 7 8 27 38 66 73 102 142 143 144 153 154 155 156 157 158 
9 10 11 12 13 14 15 21 22 23 29 30 31 32 33 34 35 36 37 70 115 116 117 118 119 
46 47 48 49 50 51 52 53 64 82 83 84 85 92 94 95 96 108 114 129 130 132 149 
20 26 39 40 42 43 44 45 69 71 88 91 93 97 101 128 131 133 145 146 147 148 150 151 152 

### s9234_1###
寄存器个数：132
群组个数：6 
初始中心点：
30.43 0.80 
41.52 11.48 
17.92 22.40 
15.44 22.71 
21.09 40.60 
37.81 42.93 
分组结果：
4 6 20 22 23 24 31 34 35 39 40 81 86 90 101 121 
0 1 7 10 12 14 51 91 92 102 108 113 114 115 116 118 119 129 130 
5 9 18 19 21 37 49 75 76 77 80 83 84 85 98 100 103 104 105 106 107 109 110 111 112 
2 3 15 16 25 26 27 28 29 30 32 33 36 78 79 82 87 88 89 93 94 95 96 97 99 
13 17 41 43 44 45 58 59 60 61 62 63 64 65 66 67 68 69 122 123 126 131 
8 11 38 42 46 47 48 50 52 53 54 55 56 57 70 71 72 73 74 117 120 124 125 127 128 


### s13207
寄存器个数；214
群组个数：9
初始中心点：

23.53 26.95 
40.09 47.04 
49.88 49.84 
45.60 49.28 
17.95 33.60 
1.71 13.44 
34.96 3.36 
49.97 1.12 
16.53 3.36 
分组结果：
2 3 28 68 69 95 118 119 120 121 122 136 138 139 140 141 174 176 179 198 199 200 206 207 208 
12 17 18 19 20 21 22 23 24 25 26 27 56 112 113 115 116 117 183 184 
6 7 11 31 32 33 43 49 50 52 53 54 55 57 58 59 90 98 100 101 102 103 104 181 182 
16 29 30 35 38 39 40 94 96 97 106 107 108 109 110 111 114 143 145 146 147 153 155 190 194 
14 34 37 41 84 87 88 93 142 144 148 149 150 151 152 154 186 187 188 189 191 192 193 195 203 
4 13 36 42 71 72 74 75 80 81 82 83 85 86 156 180 185 196 197 201 202 204 205 
1 8 15 44 45 99 123 124 125 126 127 128 129 130 131 132 134 135 137 175 177 178 
0 5 9 10 46 47 48 51 60 61 62 63 64 65 66 67 89 105 133 209 210 211 212 213 
70 73 76 77 78 79 91 92 157 158 159 160 161 162 163 164 165 166 167 168 169 170 171 172 173 

不加 MaxNum约束的结果：
2 3 28 29 30 35 36 39 40 42 43 119 120 121 122 139 140 198 199 200 206 207 208 209 213 
16 38 96 97 101 103 106 107 108 109 110 111 112 114 115 143 146 147 153 155 181 190 194 195 
12 17 18 19 20 21 22 23 24 25 26 27 56 90 113 116 117 182 183 184 
6 7 11 31 32 33 46 47 48 49 50 51 52 53 54 55 57 58 59 60 98 100 102 104 105 
14 34 37 41 87 88 93 94 142 144 145 148 149 150 151 152 154 186 187 188 189 191 192 193 203 
4 13 71 72 74 75 77 80 81 82 83 84 85 86 95 156 180 185 196 197 201 202 204 205 
8 10 15 44 45 68 118 124 125 126 127 134 135 136 137 175 176 177 178 179 210 211 212 
0 1 5 9 61 62 63 64 65 66 67 89 99 123 128 129 130 131 132 133 
69 70 73 76 78 79 91 92 138 141 157 158 159 160 161 162 163 164 165 166 167 168 169 170 171 172 173 174 

cost权重不加Max约束：
2 3 28 29 30 35 36 39 42 43 119 120 121 122 136 139 140 198 199 200 206 207 208 209 213 
16 38 40 96 97 101 103 106 107 108 109 110 111 112 114 143 145 146 147 153 155 181 190 194 195 
12 17 18 19 20 21 22 23 24 25 26 27 56 113 115 116 117 182 183 184 
6 7 11 31 32 33 46 47 48 49 50 51 52 53 54 55 57 58 59 60 90 98 100 102 104 105 
14 34 37 41 84 87 88 93 94 142 144 148 149 150 151 152 154 186 187 188 189 191 192 193 203 
4 13 71 72 74 75 77 80 81 82 83 85 86 95 156 180 185 196 197 201 202 204 205 
8 10 15 44 45 68 118 124 125 126 127 134 135 137 175 176 177 178 179 210 211 212 
0 1 5 9 61 62 63 64 65 66 67 89 99 123 128 129 130 131 132 133 
69 70 73 76 78 79 91 92 138 141 157 158 159 160 161 162 163 164 165 166 167 168 169 170 171 172 173 174 

python程序的结果：
2  3  28  29  30  35  36  39  42  43  119  120  121  122  136  139  140  198  199  200  206  207  208  209  213 
16  38  40  96  97  101  103  106  107  108  109  110  111  112  114  143  145  146  147  153  155  181  190  194  195 
12  17  18  19  20  21  22  23  24  25  26  27  56  113  115  116  117  182  183  184 
6  7  11  31  32  33  46  47  48  49  50  51  52  53  54  55  57  58  59  60  90  98  100  102  104  105 
14  34  37  41  84  87  88  93  94  142  144  148  149  150  151  152  154  186  187  188  189  191  192  193  203 
4  13  71  72  74  75  77  80  81  82  83  85  86  95  156  180  185  196  197  201  202  204  205 
8  10  15  44  45  68  118  124  125  126  127  134  135  137  175  176  177  178  179  210  211  212 
0  1  5  9  61  62  63  64  65  66  67  89  99  123  128  129  130  131  132  133 
69  70  73  76  78  79  91  92  138  141  157  158  159  160  161  162  163  164  165  166  167  168  169  170  171  172  173  174 


#### s15850
寄存器个数：128
寄存器个数：6
初始中心点：
18.60 22.99 
0.00 38.08 
36.46 18.04 
35.40 0.75 
14.82 8.29 
4.94 5.60 
分组结果：
6 7 12 13 14 15 18 19 38 39 40 43 45 46 49 52 118 127 
8 16 17 20 21 22 23 24 27 28 41 42 44 47 48 50 51 53 56 124 125 126 
1 2 9 10 11 31 32 33 34 35 36 37 55 67 91 93 109 112 116 117 119 
3 4 5 68 69 70 71 72 73 74 75 76 79 81 88 89 92 110 
0 29 30 54 57 58 60 61 63 64 66 77 78 90 106 107 108 111 113 114 115 120 121 122 123 
25 26 59 62 65 80 82 83 84 85 86 87 94 95 96 97 98 99 100 101 102 103 104 105 

